================================================================================
AN ENCRYPTED MESSAGE FOR YOU
================================================================================

My Dearest,

I have hidden a message for you within these numbers.
To unlock it, you must journey through the mathematics of linear algebra.

The Encryption Matrix A:
  ⎡ 4  1  0 ⎤
  ⎢ 1  4  1 ⎥
  ⎣ 0  1  4 ⎦

Your Quest:
  1. Find the inverse matrix A⁻¹ using Gauss-Jordan elimination
  2. Multiply A⁻¹ by each ciphertext vector below
  3. Convert numbers back to letters: a=0, b=1, ..., z=25, space=26

The Ciphertext Vectors:
--------------------------------------------------------------------------------
[72,134,128], [62,88,94], [83,73,111], [28,25,72], [81,148,105]
[122,105,46], [99,122,123], [95,106,119], [1,18,57], [99,122,123]
[110,100,94], [122,106,50], [54,25,18], [128,136,80], [106,134,66]
[50,98,90], [19,42,107], [51,112,131], [123,109,47], [42,116,58]
[16,19,4], [123,109,47], [19,102,123], [110,100,94], [116,74,12]
[122,138,66], [50,98,90], [112,77,84], [104,32,24], [8,45,60]
[112,76,80], [122,117,94], [82,38,42], [112,71,60], [116,98,108]
[105,47,69], [8,45,60], [134,153,114], [36,41,16], [54,118,54]
[18,85,70], [135,131,123], [91,108,75], [75,79,31], [38,126,102]
[36,52,60], [48,55,60], [50,110,26], [18,77,94], [102,147,122]
[76,120,124], [80,63,60], [12,45,112], [126,118,38], [55,82,119]
[105,34,17], [34,78,82], [42,108,26], [76,135,128], [48,60,80]
[100,156,132], [13,55,25], [117,92,69], [114,145,102], [32,49,108]
[77,97,73], [87,82,31], [27,104,123], [61,60,109], [83,61,63]
[76,60,108], [48,60,80], [98,140,98], [20,32,52], [98,141,102]
[82,140,114], [45,63,25], [116,78,28], [115,78,43], [44,52,108]
[95,54,23], [78,141,122], [76,120,124], [83,70,43], [86,133,82]
[78,136,102], [32,49,108], [91,94,19], [49,94,89], [104,39,52]
[38,121,82], [56,55,108], [61,60,109], [83,51,23], [122,117,94]
[31,82,87], [111,62,39], [94,117,122], [110,100,94], [112,71,60]
[123,109,47], [42,120,74], [35,23,15], [48,53,108], [61,60,109]
[83,51,23], [105,30,1], [18,70,122], [123,109,47], [42,121,78]
[75,98,51], [69,92,117], [61,60,109], [83,51,23], [74,118,34]
[69,85,89], [45,80,93], [45,86,117], [34,78,82], [126,121,50]
[19,102,123], [50,106,122], [93,87,17], [20,54,84], [46,77,66]
[11,55,55], [122,147,102], [33,89,85], [37,52,101], [45,66,37]
[109,60,61], [72,54,88], [33,98,121], [39,98,31], [51,88,35]
[98,134,74], [42,127,102], [82,118,26], [78,137,106], [57,33,5]
[56,55,52], [32,25,68], [107,42,19], [41,78,33], [44,142,132]
--------------------------------------------------------------------------------

Hint: The eigenvalues of A are λ₁ = 4, λ₂ = 4+√2, λ₃ = 4-√2
These represent the heart, the expansion, and the grounding of transformation.

Once you decrypt this message, you will know what's in my heart.

Forever yours in every coordinate system,
[Your Name Here]

================================================================================
